112 41
0 0 1
1 0 1
2 0 1
3 0 1
4 0 1
5 0 1
6 0 1
7 0 1
8 0 1
9 0 1
10 0 1
11 0 1
12 0 1
13 0 1
14 0 1
15 0 1
16 0 1
17 0 1
18 0 1
19 0 1
20 0 1
21 0 1
22 0 1
23 0 1
24 0 1
25 0 1
26 0 1
27 0 1
28 0 1
29 0 1
30 0 1
31 0 1
32 0 1
33 0 2
34 0 2
35 0 2
36 0 2
37 0 2
38 0 2
39 0 2
40 0 2
41 0 1
42 0 1
43 0 1
44 0 1
45 0 1
46 0 5
47 0 5
48 0 5
49 0 5
50 0 5
51 0 1
52 0 1
53 0 1
54 0 1
55 0 7
56 0 7
57 0 7
58 0 7
59 0 7
60 0 7
61 0 1
62 0 1
63 0 7
64 0 7
65 0 7
66 0 7
67 0 7
68 0 7
69 0 1
70 0 6
71 0 6
72 0 6
73 0 6
74 0 6
75 0 6
76 0 6
77 0 6
78 0 1
79 0 1
80 0 1
81 0 1
82 0 1
83 0 1
84 0 1
85 0 1
86 0 1
87 0 1
88 0 1
89 0 1
90 0 1
91 0 1
92 0 1
93 0 1
94 0 1
95 0 1
96 0 1
97 0 1
98 0 1
99 0 1
100 0 1
101 0 1
102 0 1
103 0 1
104 0 1
105 0 1
106 0 1
107 0 1
108 0 1
109 0 1
110 0 1
111 0 1
0 1 1
1 1 1
2 1 1
3 1 1
4 1 1
5 1 1
6 1 1
7 1 1
8 1 1
9 1 1
10 1 1
11 1 1
12 1 1
13 1 1
14 1 1
15 1 1
16 1 1
17 1 1
18 1 1
19 1 1
20 1 1
21 1 1
22 1 1
23 1 1
24 1 1
25 1 1
26 1 1
27 1 1
28 1 1
29 1 1
30 1 1
31 1 1
32 1 2
33 1 2
34 1 2
35 1 2
36 1 2
37 1 2
38 1 2
39 1 2
40 1 2
41 1 2
42 1 1
43 1 1
44 1 1
45 1 5
46 1 5
47 1 5
48 1 5
49 1 5
50 1 5
51 1 5
52 1 1
53 1 1
54 1 1
55 1 7
56 1 7
57 1 7
58 1 7
59 1 7
60 1 7
61 1 1
62 1 1
63 1 7
64 1 7
65 1 7
66 1 7
67 1 7
68 1 7
69 1 1
70 1 6
71 1 6
72 1 6
73 1 6
74 1 6
75 1 6
76 1 6
77 1 6
78 1 1
79 1 1
80 1 1
81 1 1
82 1 1
83 1 1
84 1 1
85 1 1
86 1 1
87 1 1
88 1 1
89 1 1
90 1 1
91 1 1
92 1 1
93 1 1
94 1 1
95 1 1
96 1 1
97 1 1
98 1 1
99 1 1
100 1 1
101 1 1
102 1 1
103 1 1
104 1 1
105 1 1
106 1 1
107 1 1
108 1 1
109 1 1
110 1 1
111 1 1
0 2 1
1 2 1
2 2 1
3 2 1
4 2 1
5 2 1
6 2 1
7 2 1
8 2 1
9 2 1
10 2 1
11 2 1
12 2 1
13 2 1
14 2 1
15 2 1
16 2 1
17 2 1
18 2 1
19 2 1
20 2 1
21 2 1
22 2 1
23 2 1
24 2 1
25 2 1
26 2 1
27 2 1
28 2 1
29 2 1
30 2 1
31 2 1
32 2 2
33 2 2
34 2 2
35 2 2
36 2 1
37 2 1
38 2 2
39 2 2
40 2 2
41 2 2
42 2 1
43 2 1
44 2 1
45 2 5
46 2 5
47 2 5
48 2 5
49 2 5
50 2 5
51 2 5
52 2 1
53 2 1
54 2 1
55 2 7
56 2 7
57 2 7
58 2 7
59 2 7
60 2 7
61 2 1
62 2 1
63 2 7
64 2 7
65 2 7
66 2 7
67 2 7
68 2 7
69 2 1
70 2 6
71 2 6
72 2 6
73 2 6
74 2 1
75 2 1
76 2 1
77 2 1
78 2 1
79 2 1
80 2 1
81 2 1
82 2 1
83 2 1
84 2 1
85 2 1
86 2 1
87 2 1
88 2 1
89 2 1
90 2 1
91 2 1
92 2 1
93 2 1
94 2 1
95 2 1
96 2 1
97 2 1
98 2 1
99 2 1
100 2 1
101 2 1
102 2 1
103 2 1
104 2 1
105 2 1
106 2 1
107 2 1
108 2 1
109 2 1
110 2 1
111 2 1
0 3 1
1 3 1
2 3 1
3 3 1
4 3 1
5 3 1
6 3 1
7 3 1
8 3 1
9 3 1
10 3 1
11 3 1
12 3 1
13 3 1
14 3 1
15 3 1
16 3 1
17 3 1
18 3 1
19 3 1
20 3 1
21 3 1
22 3 1
23 3 1
24 3 1
25 3 1
26 3 1
27 3 1
28 3 1
29 3 1
30 3 1
31 3 1
32 3 2
33 3 2
34 3 2
35 3 2
36 3 1
37 3 1
38 3 2
39 3 2
40 3 2
41 3 2
42 3 1
43 3 1
44 3 1
45 3 5
46 3 5
47 3 5
48 3 5
49 3 5
50 3 5
51 3 5
52 3 1
53 3 1
54 3 1
55 3 7
56 3 7
57 3 7
58 3 7
59 3 7
60 3 7
61 3 1
62 3 1
63 3 7
64 3 7
65 3 7
66 3 7
67 3 7
68 3 7
69 3 1
70 3 6
71 3 6
72 3 6
73 3 6
74 3 1
75 3 1
76 3 1
77 3 1
78 3 1
79 3 1
80 3 1
81 3 1
82 3 1
83 3 1
84 3 1
85 3 1
86 3 1
87 3 1
88 3 1
89 3 1
90 3 1
91 3 1
92 3 1
93 3 1
94 3 1
95 3 1
96 3 1
97 3 1
98 3 1
99 3 1
100 3 1
101 3 1
102 3 1
103 3 1
104 3 1
105 3 1
106 3 1
107 3 1
108 3 1
109 3 1
110 3 1
111 3 1
0 4 1
1 4 1
2 4 1
3 4 1
4 4 1
5 4 1
6 4 1
7 4 1
8 4 1
9 4 1
10 4 1
11 4 1
12 4 1
13 4 1
14 4 1
15 4 1
16 4 1
17 4 1
18 4 1
19 4 1
20 4 1
21 4 1
22 4 1
23 4 1
24 4 1
25 4 1
26 4 1
27 4 1
28 4 1
29 4 1
30 4 1
31 4 1
32 4 2
33 4 2
34 4 2
35 4 2
36 4 1
37 4 1
38 4 2
39 4 2
40 4 2
41 4 2
42 4 1
43 4 1
44 4 1
45 4 5
46 4 5
47 4 5
48 4 5
49 4 5
50 4 5
51 4 5
52 4 1
53 4 1
54 4 1
55 4 7
56 4 7
57 4 7
58 4 7
59 4 7
60 4 7
61 4 7
62 4 7
63 4 7
64 4 7
65 4 7
66 4 7
67 4 7
68 4 7
69 4 1
70 4 6
71 4 6
72 4 6
73 4 6
74 4 1
75 4 1
76 4 1
77 4 1
78 4 1
79 4 1
80 4 1
81 4 1
82 4 1
83 4 1
84 4 1
85 4 1
86 4 1
87 4 1
88 4 1
89 4 1
90 4 1
91 4 1
92 4 1
93 4 1
94 4 1
95 4 1
96 4 1
97 4 1
98 4 1
99 4 1
100 4 1
101 4 1
102 4 1
103 4 1
104 4 1
105 4 1
106 4 1
107 4 1
108 4 1
109 4 1
110 4 1
111 4 1
0 5 1
1 5 1
2 5 1
3 5 1
4 5 1
5 5 1
6 5 1
7 5 1
8 5 1
9 5 1
10 5 1
11 5 1
12 5 1
13 5 1
14 5 1
15 5 1
16 5 1
17 5 1
18 5 1
19 5 1
20 5 1
21 5 1
22 5 1
23 5 1
24 5 1
25 5 1
26 5 1
27 5 1
28 5 1
29 5 1
30 5 1
31 5 1
32 5 2
33 5 2
34 5 2
35 5 2
36 5 1
37 5 1
38 5 1
39 5 1
40 5 1
41 5 1
42 5 1
43 5 1
44 5 1
45 5 5
46 5 5
47 5 5
48 5 1
49 5 5
50 5 5
51 5 5
52 5 1
53 5 1
54 5 1
55 5 7
56 5 7
57 5 7
58 5 7
59 5 7
60 5 7
61 5 7
62 5 7
63 5 7
64 5 7
65 5 7
66 5 7
67 5 7
68 5 7
69 5 1
70 5 6
71 5 6
72 5 6
73 5 6
74 5 1
75 5 1
76 5 1
77 5 1
78 5 1
79 5 1
80 5 1
81 5 1
82 5 1
83 5 1
84 5 1
85 5 1
86 5 1
87 5 1
88 5 1
89 5 1
90 5 1
91 5 1
92 5 1
93 5 1
94 5 1
95 5 1
96 5 1
97 5 1
98 5 1
99 5 1
100 5 1
101 5 1
102 5 1
103 5 1
104 5 1
105 5 1
106 5 1
107 5 1
108 5 1
109 5 1
110 5 1
111 5 1
0 6 1
1 6 1
2 6 1
3 6 1
4 6 1
5 6 1
6 6 1
7 6 1
8 6 1
9 6 1
10 6 1
11 6 1
12 6 1
13 6 1
14 6 1
15 6 1
16 6 1
17 6 1
18 6 1
19 6 1
20 6 1
21 6 1
22 6 1
23 6 1
24 6 1
25 6 1
26 6 1
27 6 1
28 6 1
29 6 1
30 6 1
31 6 1
32 6 2
33 6 2
34 6 2
35 6 2
36 6 1
37 6 2
38 6 2
39 6 2
40 6 2
41 6 2
42 6 1
43 6 1
44 6 1
45 6 5
46 6 5
47 6 5
48 6 1
49 6 5
50 6 5
51 6 5
52 6 5
53 6 1
54 6 1
55 6 7
56 6 7
57 6 7
58 6 7
59 6 7
60 6 7
61 6 7
62 6 7
63 6 7
64 6 7
65 6 7
66 6 7
67 6 7
68 6 7
69 6 1
70 6 6
71 6 6
72 6 6
73 6 6
74 6 6
75 6 6
76 6 6
77 6 6
78 6 1
79 6 1
80 6 1
81 6 1
82 6 1
83 6 1
84 6 1
85 6 1
86 6 1
87 6 1
88 6 1
89 6 1
90 6 1
91 6 1
92 6 1
93 6 1
94 6 1
95 6 1
96 6 1
97 6 1
98 6 1
99 6 1
100 6 1
101 6 1
102 6 1
103 6 1
104 6 1
105 6 1
106 6 1
107 6 1
108 6 1
109 6 1
110 6 1
111 6 1
0 7 1
1 7 1
2 7 1
3 7 1
4 7 1
5 7 1
6 7 1
7 7 1
8 7 1
9 7 1
10 7 1
11 7 1
12 7 1
13 7 1
14 7 1
15 7 1
16 7 1
17 7 1
18 7 1
19 7 1
20 7 1
21 7 1
22 7 1
23 7 1
24 7 1
25 7 1
26 7 1
27 7 1
28 7 1
29 7 1
30 7 1
31 7 1
32 7 2
33 7 2
34 7 2
35 7 2
36 7 1
37 7 2
38 7 2
39 7 2
40 7 2
41 7 2
42 7 1
43 7 1
44 7 5
45 7 5
46 7 5
47 7 5
48 7 1
49 7 5
50 7 5
51 7 5
52 7 5
53 7 1
54 7 1
55 7 7
56 7 7
57 7 7
58 7 7
59 7 7
60 7 7
61 7 7
62 7 7
63 7 7
64 7 7
65 7 7
66 7 7
67 7 7
68 7 7
69 7 1
70 7 6
71 7 6
72 7 6
73 7 6
74 7 6
75 7 6
76 7 6
77 7 6
78 7 1
79 7 1
80 7 1
81 7 1
82 7 1
83 7 1
84 7 1
85 7 1
86 7 1
87 7 1
88 7 1
89 7 1
90 7 1
91 7 1
92 7 1
93 7 1
94 7 1
95 7 1
96 7 1
97 7 1
98 7 1
99 7 1
100 7 1
101 7 1
102 7 1
103 7 1
104 7 1
105 7 1
106 7 1
107 7 1
108 7 1
109 7 1
110 7 1
111 7 1
0 8 1
1 8 1
2 8 1
3 8 1
4 8 1
5 8 1
6 8 1
7 8 1
8 8 1
9 8 1
10 8 1
11 8 1
12 8 1
13 8 1
14 8 1
15 8 1
16 8 1
17 8 1
18 8 1
19 8 1
20 8 1
21 8 1
22 8 1
23 8 1
24 8 1
25 8 1
26 8 1
27 8 1
28 8 1
29 8 1
30 8 1
31 8 1
32 8 2
33 8 2
34 8 2
35 8 2
36 8 1
37 8 1
38 8 2
39 8 2
40 8 2
41 8 2
42 8 1
43 8 1
44 8 5
45 8 5
46 8 5
47 8 5
48 8 1
49 8 5
50 8 5
51 8 5
52 8 5
53 8 1
54 8 1
55 8 7
56 8 7
57 8 7
58 8 7
59 8 1
60 8 7
61 8 7
62 8 7
63 8 7
64 8 1
65 8 7
66 8 7
67 8 7
68 8 7
69 8 1
70 8 6
71 8 6
72 8 6
73 8 6
74 8 1
75 8 1
76 8 1
77 8 1
78 8 1
79 8 1
80 8 1
81 8 1
82 8 1
83 8 1
84 8 1
85 8 1
86 8 1
87 8 1
88 8 1
89 8 1
90 8 1
91 8 1
92 8 1
93 8 1
94 8 1
95 8 1
96 8 1
97 8 1
98 8 1
99 8 1
100 8 1
101 8 1
102 8 1
103 8 1
104 8 1
105 8 1
106 8 1
107 8 1
108 8 1
109 8 1
110 8 1
111 8 1
0 9 1
1 9 1
2 9 1
3 9 1
4 9 1
5 9 1
6 9 1
7 9 1
8 9 1
9 9 1
10 9 1
11 9 1
12 9 1
13 9 1
14 9 1
15 9 1
16 9 1
17 9 1
18 9 1
19 9 1
20 9 1
21 9 1
22 9 1
23 9 1
24 9 1
25 9 1
26 9 1
27 9 1
28 9 1
29 9 1
30 9 1
31 9 1
32 9 2
33 9 2
34 9 2
35 9 2
36 9 1
37 9 1
38 9 2
39 9 2
40 9 2
41 9 2
42 9 1
43 9 1
44 9 5
45 9 5
46 9 5
47 9 5
48 9 5
49 9 5
50 9 5
51 9 5
52 9 5
53 9 1
54 9 1
55 9 7
56 9 7
57 9 7
58 9 7
59 9 1
60 9 7
61 9 7
62 9 7
63 9 7
64 9 1
65 9 7
66 9 7
67 9 7
68 9 7
69 9 1
70 9 6
71 9 6
72 9 6
73 9 6
74 9 1
75 9 1
76 9 1
77 9 1
78 9 1
79 9 1
80 9 1
81 9 1
82 9 1
83 9 1
84 9 1
85 9 1
86 9 1
87 9 1
88 9 1
89 9 1
90 9 1
91 9 1
92 9 1
93 9 1
94 9 1
95 9 1
96 9 1
97 9 1
98 9 1
99 9 1
100 9 1
101 9 1
102 9 1
103 9 1
104 9 1
105 9 1
106 9 1
107 9 1
108 9 1
109 9 1
110 9 1
111 9 1
0 10 1
1 10 1
2 10 1
3 10 1
4 10 1
5 10 1
6 10 1
7 10 1
8 10 1
9 10 1
10 10 1
11 10 1
12 10 1
13 10 1
14 10 1
15 10 1
16 10 1
17 10 1
18 10 1
19 10 1
20 10 1
21 10 1
22 10 1
23 10 1
24 10 1
25 10 1
26 10 1
27 10 1
28 10 1
29 10 1
30 10 1
31 10 1
32 10 2
33 10 2
34 10 2
35 10 2
36 10 1
37 10 1
38 10 2
39 10 2
40 10 2
41 10 2
42 10 1
43 10 1
44 10 5
45 10 5
46 10 5
47 10 5
48 10 5
49 10 5
50 10 5
51 10 5
52 10 5
53 10 1
54 10 1
55 10 7
56 10 7
57 10 7
58 10 7
59 10 1
60 10 7
61 10 7
62 10 7
63 10 7
64 10 1
65 10 7
66 10 7
67 10 7
68 10 7
69 10 1
70 10 6
71 10 6
72 10 6
73 10 6
74 10 1
75 10 1
76 10 1
77 10 1
78 10 1
79 10 1
80 10 1
81 10 1
82 10 1
83 10 1
84 10 1
85 10 1
86 10 1
87 10 1
88 10 1
89 10 1
90 10 1
91 10 1
92 10 1
93 10 1
94 10 1
95 10 1
96 10 1
97 10 1
98 10 1
99 10 1
100 10 1
101 10 1
102 10 1
103 10 1
104 10 1
105 10 1
106 10 1
107 10 1
108 10 1
109 10 1
110 10 1
111 10 1
0 11 1
1 11 1
2 11 1
3 11 1
4 11 1
5 11 1
6 11 1
7 11 1
8 11 1
9 11 1
10 11 1
11 11 1
12 11 1
13 11 1
14 11 1
15 11 1
16 11 1
17 11 1
18 11 1
19 11 1
20 11 1
21 11 1
22 11 1
23 11 1
24 11 1
25 11 1
26 11 1
27 11 1
28 11 1
29 11 1
30 11 1
31 11 1
32 11 2
33 11 2
34 11 2
35 11 2
36 11 1
37 11 1
38 11 2
39 11 2
40 11 2
41 11 2
42 11 1
43 11 5
44 11 5
45 11 5
46 11 5
47 11 1
48 11 1
49 11 1
50 11 5
51 11 5
52 11 5
53 11 5
54 11 1
55 11 7
56 11 7
57 11 7
58 11 7
59 11 1
60 11 7
61 11 7
62 11 7
63 11 7
64 11 1
65 11 7
66 11 7
67 11 7
68 11 7
69 11 1
70 11 6
71 11 6
72 11 6
73 11 6
74 11 1
75 11 1
76 11 1
77 11 1
78 11 1
79 11 1
80 11 1
81 11 1
82 11 1
83 11 1
84 11 1
85 11 1
86 11 1
87 11 1
88 11 1
89 11 1
90 11 1
91 11 1
92 11 1
93 11 1
94 11 1
95 11 1
96 11 1
97 11 1
98 11 1
99 11 1
100 11 1
101 11 1
102 11 1
103 11 1
104 11 1
105 11 1
106 11 1
107 11 1
108 11 1
109 11 1
110 11 1
111 11 1
0 12 1
1 12 1
2 12 1
3 12 1
4 12 1
5 12 1
6 12 1
7 12 1
8 12 1
9 12 1
10 12 1
11 12 1
12 12 1
13 12 1
14 12 1
15 12 1
16 12 1
17 12 1
18 12 1
19 12 1
20 12 1
21 12 1
22 12 1
23 12 1
24 12 1
25 12 1
26 12 1
27 12 1
28 12 1
29 12 1
30 12 1
31 12 1
32 12 2
33 12 2
34 12 2
35 12 2
36 12 2
37 12 2
38 12 2
39 12 2
40 12 2
41 12 2
42 12 1
43 12 5
44 12 5
45 12 5
46 12 5
47 12 1
48 12 1
49 12 1
50 12 5
51 12 5
52 12 5
53 12 5
54 12 1
55 12 7
56 12 7
57 12 7
58 12 7
59 12 1
60 12 7
61 12 7
62 12 7
63 12 7
64 12 1
65 12 7
66 12 7
67 12 7
68 12 7
69 12 1
70 12 6
71 12 6
72 12 6
73 12 6
74 12 6
75 12 6
76 12 6
77 12 6
78 12 1
79 12 1
80 12 1
81 12 1
82 12 1
83 12 1
84 12 1
85 12 1
86 12 1
87 12 1
88 12 1
89 12 1
90 12 1
91 12 1
92 12 1
93 12 1
94 12 1
95 12 1
96 12 1
97 12 1
98 12 1
99 12 1
100 12 1
101 12 1
102 12 1
103 12 1
104 12 1
105 12 1
106 12 1
107 12 1
108 12 1
109 12 1
110 12 1
111 12 1
0 13 1
1 13 1
2 13 1
3 13 1
4 13 1
5 13 1
6 13 1
7 13 1
8 13 1
9 13 1
10 13 1
11 13 1
12 13 1
13 13 1
14 13 1
15 13 1
16 13 1
17 13 1
18 13 1
19 13 1
20 13 1
21 13 1
22 13 1
23 13 1
24 13 1
25 13 1
26 13 1
27 13 1
28 13 1
29 13 1
30 13 1
31 13 1
32 13 1
33 13 2
34 13 2
35 13 2
36 13 2
37 13 2
38 13 2
39 13 2
40 13 2
41 13 2
42 13 1
43 13 5
44 13 5
45 13 5
46 13 5
47 13 1
48 13 1
49 13 1
50 13 5
51 13 5
52 13 5
53 13 5
54 13 1
55 13 7
56 13 7
57 13 7
58 13 7
59 13 1
60 13 7
61 13 7
62 13 7
63 13 7
64 13 1
65 13 7
66 13 7
67 13 7
68 13 7
69 13 1
70 13 6
71 13 6
72 13 6
73 13 6
74 13 6
75 13 6
76 13 6
77 13 6
78 13 1
79 13 1
80 13 1
81 13 1
82 13 1
83 13 1
84 13 1
85 13 1
86 13 1
87 13 1
88 13 1
89 13 1
90 13 1
91 13 1
92 13 1
93 13 1
94 13 1
95 13 1
96 13 1
97 13 1
98 13 1
99 13 1
100 13 1
101 13 1
102 13 1
103 13 1
104 13 1
105 13 1
106 13 1
107 13 1
108 13 1
109 13 1
110 13 1
111 13 1
0 14 1
1 14 1
2 14 1
3 14 1
4 14 1
5 14 1
6 14 1
7 14 1
8 14 1
9 14 1
10 14 1
11 14 1
12 14 1
13 14 1
14 14 1
15 14 1
16 14 1
17 14 1
18 14 1
19 14 1
20 14 1
21 14 1
22 14 1
23 14 1
24 14 1
25 14 1
26 14 1
27 14 1
28 14 1
29 14 1
30 14 1
31 14 1
32 14 1
33 14 1
34 14 1
35 14 1
36 14 1
37 14 1
38 14 1
39 14 1
40 14 1
41 14 1
42 14 1
43 14 1
44 14 1
45 14 1
46 14 1
47 14 1
48 14 1
49 14 1
50 14 1
51 14 1
52 14 1
53 14 1
54 14 1
55 14 1
56 14 1
57 14 1
58 14 1
59 14 1
60 14 1
61 14 1
62 14 1
63 14 1
64 14 1
65 14 1
66 14 1
67 14 1
68 14 1
69 14 1
70 14 1
71 14 1
72 14 1
73 14 1
74 14 1
75 14 1
76 14 1
77 14 1
78 14 1
79 14 1
80 14 1
81 14 1
82 14 1
83 14 1
84 14 1
85 14 1
86 14 1
87 14 1
88 14 1
89 14 1
90 14 1
91 14 1
92 14 1
93 14 1
94 14 1
95 14 1
96 14 1
97 14 1
98 14 1
99 14 1
100 14 1
101 14 1
102 14 1
103 14 1
104 14 1
105 14 1
106 14 1
107 14 1
108 14 1
109 14 1
110 14 1
111 14 1
0 15 1
1 15 1
2 15 1
3 15 1
4 15 1
5 15 1
6 15 1
7 15 1
8 15 1
9 15 1
10 15 1
11 15 1
12 15 1
13 15 1
14 15 1
15 15 1
16 15 1
17 15 1
18 15 1
19 15 1
20 15 1
21 15 1
22 15 1
23 15 1
24 15 1
25 15 1
26 15 1
27 15 1
28 15 1
29 15 1
30 15 1
31 15 1
32 15 1
33 15 1
34 15 1
35 15 2
36 15 2
37 15 2
38 15 2
39 15 2
40 15 2
41 15 2
42 15 2
43 15 1
44 15 1
45 15 5
46 15 5
47 15 5
48 15 5
49 15 1
50 15 1
51 15 1
52 15 5
53 15 5
54 15 5
55 15 5
56 15 1
57 15 7
58 15 7
59 15 7
60 15 7
61 15 7
62 15 7
63 15 7
64 15 7
65 15 1
66 15 6
67 15 6
68 15 6
69 15 6
70 15 6
71 15 6
72 15 6
73 15 6
74 15 6
75 15 1
76 15 1
77 15 1
78 15 1
79 15 1
80 15 1
81 15 1
82 15 1
83 15 1
84 15 1
85 15 1
86 15 1
87 15 1
88 15 1
89 15 1
90 15 1
91 15 1
92 15 1
93 15 1
94 15 1
95 15 1
96 15 1
97 15 1
98 15 1
99 15 1
100 15 1
101 15 1
102 15 1
103 15 1
104 15 1
105 15 1
106 15 1
107 15 1
108 15 1
109 15 1
110 15 1
111 15 1
0 16 1
1 16 1
2 16 1
3 16 1
4 16 1
5 16 1
6 16 1
7 16 1
8 16 1
9 16 1
10 16 1
11 16 1
12 16 1
13 16 1
14 16 1
15 16 1
16 16 1
17 16 1
18 16 1
19 16 1
20 16 1
21 16 1
22 16 1
23 16 1
24 16 1
25 16 1
26 16 1
27 16 1
28 16 1
29 16 1
30 16 1
31 16 1
32 16 1
33 16 1
34 16 2
35 16 2
36 16 2
37 16 2
38 16 2
39 16 2
40 16 2
41 16 2
42 16 2
43 16 2
44 16 1
45 16 1
46 16 5
47 16 5
48 16 5
49 16 1
50 16 1
51 16 1
52 16 5
53 16 5
54 16 5
55 16 1
56 16 1
57 16 7
58 16 7
59 16 7
60 16 7
61 16 7
62 16 7
63 16 7
64 16 7
65 16 1
66 16 6
67 16 6
68 16 6
69 16 6
70 16 6
71 16 6
72 16 6
73 16 6
74 16 6
75 16 6
76 16 1
77 16 1
78 16 1
79 16 1
80 16 1
81 16 1
82 16 1
83 16 1
84 16 1
85 16 1
86 16 1
87 16 1
88 16 1
89 16 1
90 16 1
91 16 1
92 16 1
93 16 1
94 16 1
95 16 1
96 16 1
97 16 1
98 16 1
99 16 1
100 16 1
101 16 1
102 16 1
103 16 1
104 16 1
105 16 1
106 16 1
107 16 1
108 16 1
109 16 1
110 16 1
111 16 1
0 17 1
1 17 1
2 17 1
3 17 1
4 17 1
5 17 1
6 17 1
7 17 1
8 17 1
9 17 1
10 17 1
11 17 1
12 17 1
13 17 1
14 17 1
15 17 1
16 17 1
17 17 1
18 17 1
19 17 1
20 17 1
21 17 1
22 17 1
23 17 1
24 17 1
25 17 1
26 17 1
27 17 1
28 17 1
29 17 1
30 17 1
31 17 1
32 17 1
33 17 1
34 17 2
35 17 2
36 17 2
37 17 2
38 17 1
39 17 1
40 17 2
41 17 2
42 17 2
43 17 2
44 17 1
45 17 1
46 17 5
47 17 5
48 17 5
49 17 1
50 17 1
51 17 5
52 17 5
53 17 5
54 17 5
55 17 1
56 17 1
57 17 7
58 17 7
59 17 7
60 17 7
61 17 1
62 17 1
63 17 1
64 17 1
65 17 1
66 17 6
67 17 6
68 17 6
69 17 6
70 17 1
71 17 1
72 17 6
73 17 6
74 17 6
75 17 6
76 17 1
77 17 1
78 17 1
79 17 1
80 17 1
81 17 1
82 17 1
83 17 1
84 17 1
85 17 1
86 17 1
87 17 1
88 17 1
89 17 1
90 17 1
91 17 1
92 17 1
93 17 1
94 17 1
95 17 1
96 17 1
97 17 1
98 17 1
99 17 1
100 17 1
101 17 1
102 17 1
103 17 1
104 17 1
105 17 1
106 17 1
107 17 1
108 17 1
109 17 1
110 17 1
111 17 1
0 18 1
1 18 1
2 18 1
3 18 1
4 18 1
5 18 1
6 18 1
7 18 1
8 18 1
9 18 1
10 18 1
11 18 1
12 18 1
13 18 1
14 18 1
15 18 1
16 18 1
17 18 1
18 18 1
19 18 1
20 18 1
21 18 1
22 18 1
23 18 1
24 18 1
25 18 1
26 18 1
27 18 1
28 18 1
29 18 1
30 18 1
31 18 1
32 18 1
33 18 1
34 18 2
35 18 2
36 18 2
37 18 2
38 18 1
39 18 1
40 18 2
41 18 2
42 18 2
43 18 2
44 18 1
45 18 1
46 18 5
47 18 5
48 18 5
49 18 5
50 18 1
51 18 5
52 18 5
53 18 5
54 18 5
55 18 1
56 18 1
57 18 7
58 18 7
59 18 7
60 18 7
61 18 1
62 18 1
63 18 1
64 18 1
65 18 1
66 18 6
67 18 6
68 18 6
69 18 6
70 18 1
71 18 1
72 18 6
73 18 6
74 18 6
75 18 6
76 18 1
77 18 1
78 18 1
79 18 1
80 18 1
81 18 1
82 18 1
83 18 1
84 18 1
85 18 1
86 18 1
87 18 1
88 18 1
89 18 1
90 18 1
91 18 1
92 18 1
93 18 1
94 18 1
95 18 1
96 18 1
97 18 1
98 18 1
99 18 1
100 18 1
101 18 1
102 18 1
103 18 1
104 18 1
105 18 1
106 18 1
107 18 1
108 18 1
109 18 1
110 18 1
111 18 1
0 19 1
1 19 1
2 19 1
3 19 1
4 19 1
5 19 1
6 19 1
7 19 1
8 19 1
9 19 1
10 19 1
11 19 1
12 19 1
13 19 1
14 19 1
15 19 1
16 19 1
17 19 1
18 19 1
19 19 1
20 19 1
21 19 1
22 19 1
23 19 1
24 19 1
25 19 1
26 19 1
27 19 1
28 19 1
29 19 1
30 19 1
31 19 1
32 19 1
33 19 1
34 19 2
35 19 2
36 19 2
37 19 2
38 19 1
39 19 1
40 19 2
41 19 2
42 19 2
43 19 2
44 19 1
45 19 1
46 19 5
47 19 5
48 19 5
49 19 5
50 19 1
51 19 5
52 19 5
53 19 5
54 19 5
55 19 1
56 19 1
57 19 7
58 19 7
59 19 7
60 19 7
61 19 1
62 19 1
63 19 1
64 19 1
65 19 1
66 19 6
67 19 6
68 19 6
69 19 6
70 19 1
71 19 1
72 19 6
73 19 6
74 19 6
75 19 6
76 19 1
77 19 1
78 19 1
79 19 1
80 19 1
81 19 1
82 19 1
83 19 1
84 19 1
85 19 1
86 19 1
87 19 1
88 19 1
89 19 1
90 19 1
91 19 1
92 19 1
93 19 1
94 19 1
95 19 1
96 19 1
97 19 1
98 19 1
99 19 1
100 19 1
101 19 1
102 19 1
103 19 1
104 19 1
105 19 1
106 19 1
107 19 1
108 19 1
109 19 1
110 19 1
111 19 1
0 20 1
1 20 1
2 20 1
3 20 1
4 20 1
5 20 1
6 20 1
7 20 1
8 20 1
9 20 1
10 20 1
11 20 1
12 20 1
13 20 1
14 20 1
15 20 1
16 20 1
17 20 1
18 20 1
19 20 1
20 20 1
21 20 1
22 20 1
23 20 1
24 20 1
25 20 1
26 20 1
27 20 1
28 20 1
29 20 1
30 20 1
31 20 1
32 20 1
33 20 1
34 20 2
35 20 2
36 20 2
37 20 2
38 20 1
39 20 1
40 20 2
41 20 2
42 20 2
43 20 2
44 20 1
45 20 1
46 20 5
47 20 5
48 20 5
49 20 5
50 20 1
51 20 5
52 20 5
53 20 5
54 20 5
55 20 1
56 20 1
57 20 7
58 20 7
59 20 7
60 20 7
61 20 7
62 20 7
63 20 7
64 20 7
65 20 1
66 20 6
67 20 6
68 20 6
69 20 6
70 20 6
71 20 6
72 20 6
73 20 6
74 20 6
75 20 6
76 20 1
77 20 1
78 20 1
79 20 1
80 20 1
81 20 1
82 20 1
83 20 1
84 20 1
85 20 1
86 20 1
87 20 1
88 20 1
89 20 1
90 20 1
91 20 1
92 20 1
93 20 1
94 20 1
95 20 1
96 20 1
97 20 1
98 20 1
99 20 1
100 20 1
101 20 1
102 20 1
103 20 1
104 20 1
105 20 1
106 20 1
107 20 1
108 20 1
109 20 1
110 20 1
111 20 1
0 21 1
1 21 1
2 21 1
3 21 1
4 21 1
5 21 1
6 21 1
7 21 1
8 21 1
9 21 1
10 21 1
11 21 1
12 21 1
13 21 1
14 21 1
15 21 1
16 21 1
17 21 1
18 21 1
19 21 1
20 21 1
21 21 1
22 21 1
23 21 1
24 21 1
25 21 1
26 21 1
27 21 1
28 21 1
29 21 1
30 21 1
31 21 1
32 21 1
33 21 1
34 21 2
35 21 2
36 21 2
37 21 2
38 21 1
39 21 1
40 21 2
41 21 2
42 21 2
43 21 2
44 21 1
45 21 1
46 21 5
47 21 5
48 21 5
49 21 5
50 21 1
51 21 5
52 21 5
53 21 5
54 21 1
55 21 1
56 21 1
57 21 7
58 21 7
59 21 7
60 21 7
61 21 7
62 21 7
63 21 7
64 21 7
65 21 1
66 21 6
67 21 6
68 21 6
69 21 6
70 21 6
71 21 6
72 21 6
73 21 6
74 21 6
75 21 1
76 21 1
77 21 1
78 21 1
79 21 1
80 21 1
81 21 1
82 21 1
83 21 1
84 21 1
85 21 1
86 21 1
87 21 1
88 21 1
89 21 1
90 21 1
91 21 1
92 21 1
93 21 1
94 21 1
95 21 1
96 21 1
97 21 1
98 21 1
99 21 1
100 21 1
101 21 1
102 21 1
103 21 1
104 21 1
105 21 1
106 21 1
107 21 1
108 21 1
109 21 1
110 21 1
111 21 1
0 22 1
1 22 1
2 22 1
3 22 1
4 22 1
5 22 1
6 22 1
7 22 1
8 22 1
9 22 1
10 22 1
11 22 1
12 22 1
13 22 1
14 22 1
15 22 1
16 22 1
17 22 1
18 22 1
19 22 1
20 22 1
21 22 1
22 22 1
23 22 1
24 22 1
25 22 1
26 22 1
27 22 1
28 22 1
29 22 1
30 22 1
31 22 1
32 22 1
33 22 1
34 22 2
35 22 2
36 22 2
37 22 2
38 22 1
39 22 1
40 22 2
41 22 2
42 22 2
43 22 2
44 22 1
45 22 1
46 22 1
47 22 5
48 22 5
49 22 5
50 22 1
51 22 5
52 22 5
53 22 5
54 22 1
55 22 1
56 22 1
57 22 7
58 22 7
59 22 7
60 22 7
61 22 1
62 22 1
63 22 1
64 22 1
65 22 1
66 22 6
67 22 6
68 22 6
69 22 6
70 22 1
71 22 6
72 22 6
73 22 6
74 22 6
75 22 1
76 22 1
77 22 1
78 22 1
79 22 1
80 22 1
81 22 1
82 22 1
83 22 1
84 22 1
85 22 1
86 22 1
87 22 1
88 22 1
89 22 1
90 22 1
91 22 1
92 22 1
93 22 1
94 22 1
95 22 1
96 22 1
97 22 1
98 22 1
99 22 1
100 22 1
101 22 1
102 22 1
103 22 1
104 22 1
105 22 1
106 22 1
107 22 1
108 22 1
109 22 1
110 22 1
111 22 1
0 23 1
1 23 1
2 23 1
3 23 1
4 23 1
5 23 1
6 23 1
7 23 1
8 23 1
9 23 1
10 23 1
11 23 1
12 23 1
13 23 1
14 23 1
15 23 1
16 23 1
17 23 1
18 23 1
19 23 1
20 23 1
21 23 1
22 23 1
23 23 1
24 23 1
25 23 1
26 23 1
27 23 1
28 23 1
29 23 1
30 23 1
31 23 1
32 23 1
33 23 1
34 23 2
35 23 2
36 23 2
37 23 2
38 23 1
39 23 1
40 23 2
41 23 2
42 23 2
43 23 2
44 23 1
45 23 1
46 23 1
47 23 5
48 23 5
49 23 5
50 23 5
51 23 5
52 23 5
53 23 5
54 23 1
55 23 1
56 23 1
57 23 7
58 23 7
59 23 7
60 23 7
61 23 1
62 23 1
63 23 1
64 23 1
65 23 1
66 23 6
67 23 6
68 23 6
69 23 6
70 23 1
71 23 6
72 23 6
73 23 6
74 23 6
75 23 1
76 23 1
77 23 1
78 23 1
79 23 1
80 23 1
81 23 1
82 23 1
83 23 1
84 23 1
85 23 1
86 23 1
87 23 1
88 23 1
89 23 1
90 23 1
91 23 1
92 23 1
93 23 1
94 23 1
95 23 1
96 23 1
97 23 1
98 23 1
99 23 1
100 23 1
101 23 1
102 23 1
103 23 1
104 23 1
105 23 1
106 23 1
107 23 1
108 23 1
109 23 1
110 23 1
111 23 1
0 24 1
1 24 1
2 24 1
3 24 1
4 24 1
5 24 1
6 24 1
7 24 1
8 24 1
9 24 1
10 24 1
11 24 1
12 24 1
13 24 1
14 24 1
15 24 1
16 24 1
17 24 1
18 24 1
19 24 1
20 24 1
21 24 1
22 24 1
23 24 1
24 24 1
25 24 1
26 24 1
27 24 1
28 24 1
29 24 1
30 24 1
31 24 1
32 24 1
33 24 1
34 24 2
35 24 2
36 24 2
37 24 2
38 24 1
39 24 1
40 24 2
41 24 2
42 24 2
43 24 2
44 24 1
45 24 1
46 24 1
47 24 5
48 24 5
49 24 5
50 24 5
51 24 5
52 24 5
53 24 5
54 24 1
55 24 1
56 24 1
57 24 7
58 24 7
59 24 7
60 24 7
61 24 1
62 24 1
63 24 1
64 24 1
65 24 1
66 24 6
67 24 6
68 24 6
69 24 6
70 24 1
71 24 1
72 24 6
73 24 6
74 24 6
75 24 1
76 24 1
77 24 1
78 24 1
79 24 1
80 24 1
81 24 1
82 24 1
83 24 1
84 24 1
85 24 1
86 24 1
87 24 1
88 24 1
89 24 1
90 24 1
91 24 1
92 24 1
93 24 1
94 24 1
95 24 1
96 24 1
97 24 1
98 24 1
99 24 1
100 24 1
101 24 1
102 24 1
103 24 1
104 24 1
105 24 1
106 24 1
107 24 1
108 24 1
109 24 1
110 24 1
111 24 1
0 25 1
1 25 1
2 25 1
3 25 1
4 25 1
5 25 1
6 25 1
7 25 1
8 25 1
9 25 1
10 25 1
11 25 1
12 25 1
13 25 1
14 25 1
15 25 1
16 25 1
17 25 1
18 25 1
19 25 1
20 25 1
21 25 1
22 25 1
23 25 1
24 25 1
25 25 1
26 25 1
27 25 1
28 25 1
29 25 1
30 25 1
31 25 1
32 25 1
33 25 1
34 25 2
35 25 2
36 25 2
37 25 2
38 25 1
39 25 1
40 25 2
41 25 2
42 25 2
43 25 2
44 25 1
45 25 1
46 25 1
47 25 5
48 25 5
49 25 5
50 25 5
51 25 5
52 25 5
53 25 5
54 25 1
55 25 1
56 25 1
57 25 7
58 25 7
59 25 7
60 25 7
61 25 1
62 25 1
63 25 1
64 25 1
65 25 1
66 25 6
67 25 6
68 25 6
69 25 6
70 25 1
71 25 1
72 25 6
73 25 6
74 25 6
75 25 6
76 25 1
77 25 1
78 25 1
79 25 1
80 25 1
81 25 1
82 25 1
83 25 1
84 25 1
85 25 1
86 25 1
87 25 1
88 25 1
89 25 1
90 25 1
91 25 1
92 25 1
93 25 1
94 25 1
95 25 1
96 25 1
97 25 1
98 25 1
99 25 1
100 25 1
101 25 1
102 25 1
103 25 1
104 25 1
105 25 1
106 25 1
107 25 1
108 25 1
109 25 1
110 25 1
111 25 1
0 26 1
1 26 1
2 26 1
3 26 1
4 26 1
5 26 1
6 26 1
7 26 1
8 26 1
9 26 1
10 26 1
11 26 1
12 26 1
13 26 1
14 26 1
15 26 1
16 26 1
17 26 1
18 26 1
19 26 1
20 26 1
21 26 1
22 26 1
23 26 1
24 26 1
25 26 1
26 26 1
27 26 1
28 26 1
29 26 1
30 26 1
31 26 1
32 26 1
33 26 1
34 26 2
35 26 2
36 26 2
37 26 2
38 26 2
39 26 2
40 26 2
41 26 2
42 26 2
43 26 2
44 26 1
45 26 1
46 26 1
47 26 5
48 26 5
49 26 5
50 26 5
51 26 5
52 26 5
53 26 1
54 26 1
55 26 1
56 26 1
57 26 7
58 26 7
59 26 7
60 26 7
61 26 7
62 26 7
63 26 7
64 26 7
65 26 1
66 26 6
67 26 6
68 26 6
69 26 6
70 26 1
71 26 1
72 26 6
73 26 6
74 26 6
75 26 6
76 26 1
77 26 1
78 26 1
79 26 1
80 26 1
81 26 1
82 26 1
83 26 1
84 26 1
85 26 1
86 26 1
87 26 1
88 26 1
89 26 1
90 26 1
91 26 1
92 26 1
93 26 1
94 26 1
95 26 1
96 26 1
97 26 1
98 26 1
99 26 1
100 26 1
101 26 1
102 26 1
103 26 1
104 26 1
105 26 1
106 26 1
107 26 1
108 26 1
109 26 1
110 26 1
111 26 1
0 27 1
1 27 1
2 27 1
3 27 1
4 27 1
5 27 1
6 27 1
7 27 1
8 27 1
9 27 1
10 27 1
11 27 1
12 27 1
13 27 1
14 27 1
15 27 1
16 27 1
17 27 1
18 27 1
19 27 1
20 27 1
21 27 1
22 27 1
23 27 1
24 27 1
25 27 1
26 27 1
27 27 1
28 27 1
29 27 1
30 27 1
31 27 1
32 27 1
33 27 1
34 27 1
35 27 2
36 27 2
37 27 2
38 27 2
39 27 2
40 27 2
41 27 2
42 27 2
43 27 1
44 27 1
45 27 1
46 27 1
47 27 1
48 27 5
49 27 5
50 27 5
51 27 5
52 27 5
53 27 1
54 27 1
55 27 1
56 27 1
57 27 7
58 27 7
59 27 7
60 27 7
61 27 7
62 27 7
63 27 7
64 27 7
65 27 1
66 27 6
67 27 6
68 27 6
69 27 6
70 27 1
71 27 1
72 27 6
73 27 6
74 27 6
75 27 6
76 27 1
77 27 1
78 27 1
79 27 1
80 27 1
81 27 1
82 27 1
83 27 1
84 27 1
85 27 1
86 27 1
87 27 1
88 27 1
89 27 1
90 27 1
91 27 1
92 27 1
93 27 1
94 27 1
95 27 1
96 27 1
97 27 1
98 27 1
99 27 1
100 27 1
101 27 1
102 27 1
103 27 1
104 27 1
105 27 1
106 27 1
107 27 1
108 27 1
109 27 1
110 27 1
111 27 1
0 28 1
1 28 1
2 28 1
3 28 1
4 28 1
5 28 1
6 28 1
7 28 1
8 28 1
9 28 1
10 28 1
11 28 1
12 28 1
13 28 1
14 28 1
15 28 1
16 28 1
17 28 1
18 28 1
19 28 1
20 28 1
21 28 1
22 28 1
23 28 1
24 28 1
25 28 1
26 28 1
27 28 1
28 28 1
29 28 1
30 28 1
31 28 1
32 28 1
33 28 1
34 28 1
35 28 1
36 28 1
37 28 1
38 28 1
39 28 1
40 28 1
41 28 1
42 28 1
43 28 1
44 28 1
45 28 1
46 28 1
47 28 1
48 28 1
49 28 1
50 28 1
51 28 1
52 28 1
53 28 1
54 28 1
55 28 1
56 28 1
57 28 1
58 28 1
59 28 1
60 28 1
61 28 1
62 28 1
63 28 1
64 28 1
65 28 1
66 28 1
67 28 1
68 28 1
69 28 1
70 28 1
71 28 1
72 28 1
73 28 1
74 28 1
75 28 1
76 28 1
77 28 1
78 28 1
79 28 1
80 28 1
81 28 1
82 28 1
83 28 1
84 28 1
85 28 1
86 28 1
87 28 1
88 28 1
89 28 1
90 28 1
91 28 1
92 28 1
93 28 1
94 28 1
95 28 1
96 28 1
97 28 1
98 28 1
99 28 1
100 28 1
101 28 1
102 28 1
103 28 1
104 28 1
105 28 1
106 28 1
107 28 1
108 28 1
109 28 1
110 28 1
111 28 1
0 29 1
1 29 1
2 29 1
3 29 1
4 29 1
5 29 1
6 29 1
7 29 1
8 29 1
9 29 1
10 29 1
11 29 1
12 29 1
13 29 1
14 29 1
15 29 1
16 29 1
17 29 1
18 29 1
19 29 1
20 29 1
21 29 1
22 29 1
23 29 1
24 29 1
25 29 1
26 29 1
27 29 1
28 29 1
29 29 1
30 29 1
31 29 1
32 29 1
33 29 1
34 29 1
35 29 1
36 29 1
37 29 1
38 29 1
39 29 1
40 29 1
41 29 1
42 29 1
43 29 1
44 29 1
45 29 1
46 29 1
47 29 1
48 29 1
49 29 1
50 29 1
51 29 1
52 29 1
53 29 1
54 29 1
55 29 1
56 29 1
57 29 1
58 29 1
59 29 1
60 29 1
61 29 1
62 29 1
63 29 1
64 29 1
65 29 1
66 29 1
67 29 1
68 29 1
69 29 1
70 29 1
71 29 1
72 29 1
73 29 1
74 29 1
75 29 1
76 29 1
77 29 1
78 29 1
79 29 1
80 29 1
81 29 1
82 29 1
83 29 1
84 29 1
85 29 1
86 29 1
87 29 1
88 29 1
89 29 1
90 29 1
91 29 1
92 29 1
93 29 1
94 29 1
95 29 1
96 29 1
97 29 1
98 29 1
99 29 1
100 29 1
101 29 1
102 29 1
103 29 1
104 29 1
105 29 1
106 29 1
107 29 1
108 29 1
109 29 1
110 29 1
111 29 1
0 30 3
1 30 3
2 30 3
3 30 3
4 30 3
5 30 3
6 30 3
7 30 1
8 30 1
9 30 3
10 30 1
11 30 1
12 30 1
13 30 1
14 30 3
15 30 1
16 30 3
17 30 3
18 30 3
19 30 3
20 30 3
21 30 3
22 30 3
23 30 1
24 30 3
25 30 3
26 30 3
27 30 3
28 30 3
29 30 3
30 30 1
31 30 3
32 30 3
33 30 3
34 30 3
35 30 3
36 30 3
37 30 1
38 30 1
39 30 1
40 30 1
41 30 1
42 30 3
43 30 3
44 30 3
45 30 3
46 30 3
47 30 3
48 30 3
49 30 1
50 30 1
51 30 3
52 30 3
53 30 3
54 30 3
55 30 3
56 30 1
57 30 1
58 30 1
59 30 1
60 30 3
61 30 3
62 30 3
63 30 3
64 30 3
65 30 3
66 30 1
67 30 1
68 30 3
69 30 3
70 30 3
71 30 3
72 30 3
73 30 3
74 30 1
75 30 1
76 30 3
77 30 3
78 30 3
79 30 3
80 30 3
81 30 1
82 30 3
83 30 3
84 30 3
85 30 3
86 30 3
87 30 3
88 30 3
89 30 1
90 30 1
91 30 3
92 30 3
93 30 3
94 30 3
95 30 1
96 30 1
97 30 1
98 30 3
99 30 3
100 30 3
101 30 3
102 30 3
103 30 3
104 30 1
105 30 3
106 30 3
107 30 3
108 30 3
109 30 3
110 30 3
111 30 3
0 31 3
1 31 3
2 31 3
3 31 3
4 31 3
5 31 3
6 31 3
7 31 1
8 31 1
9 31 3
10 31 3
11 31 1
12 31 1
13 31 3
14 31 3
15 31 1
16 31 3
17 31 3
18 31 3
19 31 3
20 31 3
21 31 3
22 31 3
23 31 1
24 31 3
25 31 3
26 31 3
27 31 3
28 31 3
29 31 3
30 31 1
31 31 3
32 31 3
33 31 3
34 31 3
35 31 3
36 31 3
37 31 3
38 31 1
39 31 1
40 31 1
41 31 1
42 31 3
43 31 3
44 31 3
45 31 3
46 31 3
47 31 3
48 31 3
49 31 1
50 31 3
51 31 3
52 31 3
53 31 3
54 31 3
55 31 3
56 31 3
57 31 1
58 31 1
59 31 1
60 31 3
61 31 3
62 31 3
63 31 3
64 31 3
65 31 3
66 31 3
67 31 1
68 31 3
69 31 3
70 31 3
71 31 3
72 31 3
73 31 3
74 31 1
75 31 3
76 31 3
77 31 3
78 31 3
79 31 3
80 31 3
81 31 3
82 31 3
83 31 3
84 31 3
85 31 3
86 31 3
87 31 3
88 31 3
89 31 1
90 31 1
91 31 3
92 31 3
93 31 3
94 31 3
95 31 3
96 31 1
97 31 1
98 31 3
99 31 3
100 31 3
101 31 3
102 31 3
103 31 3
104 31 3
105 31 3
106 31 3
107 31 3
108 31 3
109 31 3
110 31 3
111 31 3
0 32 3
1 32 3
2 32 3
3 32 1
4 32 1
5 32 1
6 32 1
7 32 1
8 32 1
9 32 3
10 32 3
11 32 1
12 32 1
13 32 3
14 32 3
15 32 1
16 32 1
17 32 1
18 32 3
19 32 3
20 32 3
21 32 1
22 32 1
23 32 1
24 32 3
25 32 3
26 32 3
27 32 1
28 32 1
29 32 1
30 32 1
31 32 3
32 32 3
33 32 3
34 32 1
35 32 3
36 32 3
37 32 3
38 32 1
39 32 1
40 32 1
41 32 1
42 32 1
43 32 1
44 32 3
45 32 3
46 32 3
47 32 1
48 32 1
49 32 1
50 32 3
51 32 3
52 32 3
53 32 1
54 32 3
55 32 3
56 32 3
57 32 1
58 32 1
59 32 1
60 32 3
61 32 3
62 32 3
63 32 1
64 32 3
65 32 3
66 32 3
67 32 1
68 32 3
69 32 3
70 32 3
71 32 1
72 32 1
73 32 1
74 32 1
75 32 3
76 32 3
77 32 3
78 32 1
79 32 3
80 32 3
81 32 3
82 32 1
83 32 1
84 32 3
85 32 3
86 32 3
87 32 1
88 32 1
89 32 1
90 32 1
91 32 3
92 32 3
93 32 3
94 32 3
95 32 3
96 32 1
97 32 1
98 32 3
99 32 3
100 32 3
101 32 1
102 32 3
103 32 3
104 32 3
105 32 1
106 32 1
107 32 3
108 32 3
109 32 3
110 32 1
111 32 1
0 33 3
1 33 3
2 33 3
3 33 1
4 33 1
5 33 1
6 33 1
7 33 1
8 33 1
9 33 3
10 33 3
11 33 1
12 33 1
13 33 3
14 33 3
15 33 1
16 33 1
17 33 1
18 33 3
19 33 3
20 33 3
21 33 1
22 33 1
23 33 1
24 33 3
25 33 3
26 33 3
27 33 1
28 33 1
29 33 1
30 33 1
31 33 3
32 33 3
33 33 3
34 33 1
35 33 3
36 33 3
37 33 3
38 33 1
39 33 1
40 33 1
41 33 1
42 33 1
43 33 1
44 33 3
45 33 3
46 33 3
47 33 1
48 33 1
49 33 1
50 33 3
51 33 3
52 33 3
53 33 1
54 33 3
55 33 3
56 33 3
57 33 1
58 33 1
59 33 1
60 33 3
61 33 3
62 33 3
63 33 1
64 33 3
65 33 3
66 33 3
67 33 1
68 33 3
69 33 3
70 33 3
71 33 1
72 33 1
73 33 1
74 33 1
75 33 3
76 33 3
77 33 3
78 33 1
79 33 3
80 33 3
81 33 3
82 33 1
83 33 1
84 33 3
85 33 3
86 33 3
87 33 1
88 33 1
89 33 1
90 33 3
91 33 3
92 33 3
93 33 3
94 33 3
95 33 3
96 33 1
97 33 1
98 33 3
99 33 3
100 33 3
101 33 1
102 33 3
103 33 3
104 33 3
105 33 1
106 33 1
107 33 3
108 33 3
109 33 3
110 33 1
111 33 1
0 34 3
1 34 3
2 34 3
3 34 3
4 34 3
5 34 3
6 34 3
7 34 1
8 34 1
9 34 3
10 34 3
11 34 3
12 34 1
13 34 3
14 34 3
15 34 1
16 34 1
17 34 1
18 34 3
19 34 3
20 34 3
21 34 1
22 34 1
23 34 1
24 34 3
25 34 3
26 34 3
27 34 3
28 34 3
29 34 3
30 34 1
31 34 3
32 34 3
33 34 3
34 34 1
35 34 3
36 34 3
37 34 3
38 34 1
39 34 1
40 34 1
41 34 1
42 34 1
43 34 1
44 34 3
45 34 3
46 34 3
47 34 1
48 34 1
49 34 1
50 34 3
51 34 3
52 34 3
53 34 1
54 34 3
55 34 3
56 34 3
57 34 1
58 34 1
59 34 1
60 34 3
61 34 3
62 34 3
63 34 1
64 34 3
65 34 3
66 34 3
67 34 1
68 34 3
69 34 3
70 34 3
71 34 3
72 34 3
73 34 3
74 34 1
75 34 3
76 34 3
77 34 3
78 34 3
79 34 1
80 34 1
81 34 1
82 34 1
83 34 1
84 34 3
85 34 3
86 34 3
87 34 1
88 34 1
89 34 1
90 34 3
91 34 3
92 34 3
93 34 3
94 34 3
95 34 3
96 34 1
97 34 1
98 34 3
99 34 3
100 34 3
101 34 1
102 34 3
103 34 3
104 34 3
105 34 1
106 34 1
107 34 3
108 34 3
109 34 3
110 34 1
111 34 1
0 35 3
1 35 3
2 35 3
3 35 3
4 35 3
5 35 3
6 35 3
7 35 1
8 35 1
9 35 3
10 35 3
11 35 3
12 35 1
13 35 3
14 35 3
15 35 1
16 35 1
17 35 1
18 35 3
19 35 3
20 35 3
21 35 1
22 35 1
23 35 1
24 35 3
25 35 3
26 35 3
27 35 3
28 35 3
29 35 3
30 35 1
31 35 3
32 35 3
33 35 3
34 35 3
35 35 3
36 35 3
37 35 3
38 35 1
39 35 1
40 35 1
41 35 1
42 35 1
43 35 1
44 35 3
45 35 3
46 35 3
47 35 1
48 35 1
49 35 1
50 35 3
51 35 3
52 35 3
53 35 1
54 35 3
55 35 3
56 35 3
57 35 1
58 35 1
59 35 1
60 35 3
61 35 3
62 35 3
63 35 3
64 35 3
65 35 3
66 35 3
67 35 1
68 35 3
69 35 3
70 35 3
71 35 3
72 35 3
73 35 3
74 35 1
75 35 1
76 35 1
77 35 3
78 35 3
79 35 3
80 35 3
81 35 1
82 35 1
83 35 1
84 35 3
85 35 3
86 35 3
87 35 1
88 35 1
89 35 1
90 35 3
91 35 3
92 35 3
93 35 1
94 35 3
95 35 3
96 35 1
97 35 1
98 35 3
99 35 3
100 35 3
101 35 3
102 35 3
103 35 3
104 35 3
105 35 1
106 35 1
107 35 3
108 35 3
109 35 3
110 35 1
111 35 1
0 36 3
1 36 3
2 36 3
3 36 1
4 36 1
5 36 1
6 36 1
7 36 1
8 36 1
9 36 3
10 36 3
11 36 3
12 36 3
13 36 3
14 36 3
15 36 1
16 36 1
17 36 1
18 36 3
19 36 3
20 36 3
21 36 1
22 36 1
23 36 1
24 36 3
25 36 3
26 36 3
27 36 1
28 36 1
29 36 1
30 36 1
31 36 3
32 36 3
33 36 3
34 36 3
35 36 3
36 36 3
37 36 1
38 36 1
39 36 1
40 36 1
41 36 1
42 36 1
43 36 1
44 36 3
45 36 3
46 36 3
47 36 1
48 36 1
49 36 1
50 36 3
51 36 3
52 36 3
53 36 1
54 36 3
55 36 3
56 36 3
57 36 1
58 36 1
59 36 1
60 36 3
61 36 3
62 36 3
63 36 3
64 36 3
65 36 3
66 36 1
67 36 1
68 36 3
69 36 3
70 36 3
71 36 1
72 36 1
73 36 1
74 36 1
75 36 1
76 36 1
77 36 1
78 36 3
79 36 3
80 36 3
81 36 3
82 36 1
83 36 1
84 36 3
85 36 3
86 36 3
87 36 1
88 36 1
89 36 1
90 36 3
91 36 3
92 36 3
93 36 1
94 36 3
95 36 3
96 36 1
97 36 1
98 36 3
99 36 3
100 36 3
101 36 3
102 36 3
103 36 3
104 36 1
105 36 1
106 36 1
107 36 3
108 36 3
109 36 3
110 36 1
111 36 1
0 37 3
1 37 3
2 37 3
3 37 1
4 37 1
5 37 1
6 37 1
7 37 1
8 37 1
9 37 3
10 37 3
11 37 3
12 37 3
13 37 3
14 37 3
15 37 1
16 37 1
17 37 1
18 37 3
19 37 3
20 37 3
21 37 1
22 37 1
23 37 1
24 37 3
25 37 3
26 37 3
27 37 1
28 37 1
29 37 1
30 37 1
31 37 3
32 37 3
33 37 3
34 37 1
35 37 3
36 37 3
37 37 1
38 37 1
39 37 1
40 37 1
41 37 1
42 37 1
43 37 1
44 37 3
45 37 3
46 37 3
47 37 1
48 37 1
49 37 1
50 37 3
51 37 3
52 37 3
53 37 1
54 37 3
55 37 3
56 37 3
57 37 1
58 37 1
59 37 1
60 37 3
61 37 3
62 37 3
63 37 1
64 37 3
65 37 3
66 37 1
67 37 1
68 37 3
69 37 3
70 37 3
71 37 1
72 37 1
73 37 1
74 37 1
75 37 3
76 37 3
77 37 3
78 37 1
79 37 3
80 37 3
81 37 3
82 37 1
83 37 1
84 37 3
85 37 3
86 37 3
87 37 1
88 37 1
89 37 1
90 37 3
91 37 3
92 37 3
93 37 3
94 37 3
95 37 3
96 37 3
97 37 1
98 37 3
99 37 3
100 37 3
101 37 1
102 37 3
103 37 3
104 37 1
105 37 1
106 37 1
107 37 3
108 37 3
109 37 3
110 37 1
111 37 1
0 38 3
1 38 3
2 38 3
3 38 1
4 38 1
5 38 1
6 38 1
7 38 1
8 38 1
9 38 3
10 38 3
11 38 1
12 38 3
13 38 3
14 38 3
15 38 1
16 38 1
17 38 1
18 38 3
19 38 3
20 38 3
21 38 1
22 38 1
23 38 1
24 38 3
25 38 3
26 38 3
27 38 1
28 38 1
29 38 1
30 38 1
31 38 3
32 38 3
33 38 3
34 38 1
35 38 3
36 38 3
37 38 3
38 38 1
39 38 1
40 38 1
41 38 1
42 38 1
43 38 1
44 38 3
45 38 3
46 38 3
47 38 1
48 38 1
49 38 1
50 38 3
51 38 3
52 38 3
53 38 1
54 38 3
55 38 3
56 38 3
57 38 1
58 38 1
59 38 1
60 38 3
61 38 3
62 38 3
63 38 1
64 38 3
65 38 3
66 38 3
67 38 1
68 38 3
69 38 3
70 38 3
71 38 1
72 38 1
73 38 1
74 38 1
75 38 3
76 38 3
77 38 3
78 38 1
79 38 3
80 38 3
81 38 3
82 38 1
83 38 1
84 38 3
85 38 3
86 38 3
87 38 1
88 38 1
89 38 1
90 38 3
91 38 3
92 38 3
93 38 3
94 38 3
95 38 3
96 38 3
97 38 1
98 38 3
99 38 3
100 38 3
101 38 1
102 38 3
103 38 3
104 38 3
105 38 1
106 38 1
107 38 3
108 38 3
109 38 3
110 38 1
111 38 1
0 39 3
1 39 3
2 39 3
3 39 3
4 39 3
5 39 3
6 39 3
7 39 1
8 39 1
9 39 3
10 39 3
11 39 1
12 39 1
13 39 3
14 39 3
15 39 1
16 39 1
17 39 1
18 39 3
19 39 3
20 39 3
21 39 1
22 39 1
23 39 1
24 39 3
25 39 3
26 39 3
27 39 3
28 39 3
29 39 3
30 39 1
31 39 3
32 39 3
33 39 3
34 39 1
35 39 3
36 39 3
37 39 3
38 39 1
39 39 1
40 39 1
41 39 1
42 39 1
43 39 1
44 39 3
45 39 3
46 39 3
47 39 1
48 39 1
49 39 1
50 39 3
51 39 3
52 39 3
53 39 3
54 39 3
55 39 3
56 39 3
57 39 1
58 39 1
59 39 1
60 39 3
61 39 3
62 39 3
63 39 1
64 39 3
65 39 3
66 39 3
67 39 1
68 39 3
69 39 3
70 39 3
71 39 3
72 39 3
73 39 3
74 39 1
75 39 3
76 39 3
77 39 3
78 39 3
79 39 3
80 39 3
81 39 3
82 39 1
83 39 1
84 39 3
85 39 3
86 39 3
87 39 1
88 39 1
89 39 3
90 39 3
91 39 3
92 39 1
93 39 1
94 39 3
95 39 3
96 39 3
97 39 1
98 39 3
99 39 3
100 39 3
101 39 1
102 39 3
103 39 3
104 39 3
105 39 1
106 39 1
107 39 3
108 39 3
109 39 3
110 39 1
111 39 1
0 40 3
1 40 3
2 40 3
3 40 3
4 40 3
5 40 3
6 40 3
7 40 1
8 40 1
9 40 3
10 40 3
11 40 1
12 40 1
13 40 3
14 40 3
15 40 1
16 40 1
17 40 1
18 40 3
19 40 3
20 40 3
21 40 1
22 40 1
23 40 1
24 40 3
25 40 3
26 40 3
27 40 3
28 40 3
29 40 3
30 40 1
31 40 3
32 40 3
33 40 3
34 40 1
35 40 3
36 40 3
37 40 3
38 40 1
39 40 1
40 40 1
41 40 1
42 40 1
43 40 1
44 40 3
45 40 3
46 40 3
47 40 1
48 40 1
49 40 1
50 40 1
51 40 3
52 40 3
53 40 3
54 40 3
55 40 3
56 40 1
57 40 1
58 40 1
59 40 1
60 40 3
61 40 3
62 40 3
63 40 1
64 40 3
65 40 3
66 40 3
67 40 1
68 40 3
69 40 3
70 40 3
71 40 3
72 40 3
73 40 3
74 40 1
75 40 1
76 40 3
77 40 3
78 40 3
79 40 3
80 40 3
81 40 1
82 40 1
83 40 1
84 40 3
85 40 3
86 40 3
87 40 1
88 40 1
89 40 3
90 40 3
91 40 3
92 40 1
93 40 1
94 40 3
95 40 3
96 40 3
97 40 1
98 40 3
99 40 3
100 40 3
101 40 1
102 40 3
103 40 3
104 40 3
105 40 1
106 40 1
107 40 3
108 40 3
109 40 3
110 40 1
111 40 1
